 1.96403E+07 1.73325E+07 1.49183E+07 1.38403E+07 1.16183E+07 1.00000E+07
 8.18731E+06 6.70320E+06 6.06531E+06 5.48812E+06 4.49329E+06 3.67879E+06
 3.01194E+06 2.46597E+06 2.23130E+06 2.01897E+06 1.65299E+06 1.35335E+06
 1.22456E+06 1.10803E+06 1.00259E+06 9.07180E+05 8.20850E+05 6.08101E+05
 5.50232E+05 4.97871E+05 4.50492E+05 4.07622E+05 3.01974E+05 2.73237E+05
 2.47235E+05 1.83156E+05 1.22773E+05 1.11090E+05 8.22975E+04 6.73795E+04
 5.51656E+04 4.08677E+04 3.69786E+04 2.92830E+04 2.73945E+04 2.47875E+04
 1.66156E+04 1.50344E+04 1.11378E+04 9.11882E+03 7.46586E+03 5.53084E+03
 5.00451E+03 3.52662E+03 3.35463E+03 2.24867E+03 2.03468E+03 1.50733E+03
 1.43382E+03 1.23410E+03 1.01039E+03 9.14242E+02 7.48518E+02 6.77287E+02
 4.53999E+02 3.71703E+02 3.04325E+02 2.03995E+02 1.48625E+02 1.36742E+02
 9.16609E+01 7.56736E+01 6.79041E+01 5.55951E+01 5.15780E+01 4.82516E+01
 4.55174E+01 4.01690E+01 3.72665E+01 3.37201E+01 3.05113E+01 2.76077E+01
 2.49805E+01 2.26033E+01 1.94548E+01 1.59283E+01 1.37096E+01 1.12245E+01
 9.90555E+00 9.18981E+00 8.31529E+00 7.52398E+00 6.16012E+00 5.34643E+00
 5.04348E+00 4.12925E+00 4.00000E+00 3.38075E+00 3.30000E+00 2.76792E+00
 2.72000E+00 2.60000E+00 2.55000E+00 2.36000E+00 2.13000E+00 2.10000E+00
 2.02000E+00 1.93000E+00 1.84000E+00 1.75500E+00 1.67000E+00 1.59000E+00
 1.50000E+00 1.47500E+00 1.44498E+00 1.37000E+00 1.33750E+00 1.30000E+00
 1.23500E+00 1.17000E+00 1.15000E+00 1.12535E+00 1.11000E+00 1.09700E+00
 1.07100E+00 1.04500E+00 1.03500E+00 1.02000E+00 9.96000E-01 9.86000E-01
 9.72000E-01 9.50000E-01 9.30000E-01 9.10000E-01 8.60000E-01 8.50000E-01
 7.90000E-01 7.80000E-01 7.05000E-01 6.25000E-01 5.40000E-01 5.00000E-01
 4.85000E-01 4.33000E-01 4.00000E-01 3.91000E-01 3.50000E-01 3.20000E-01
 3.14500E-01 3.00000E-01 2.80000E-01 2.48000E-01 2.20000E-01 1.89000E-01
 1.80000E-01 1.60000E-01 1.40000E-01 1.34000E-01 1.15000E-01 1.00000E-01
 9.50000E-02 8.00000E-02 7.70000E-02 6.70000E-02 5.80000E-02 5.00000E-02
 4.20000E-02 3.50000E-02 3.00000E-02 2.50000E-02 2.00000E-02 1.50000E-02
 1.00000E-02 6.90000E-03 5.00000E-03 3.00000E-03 1.00000E-05

 0.0000E+00  0.0000E+00  0.0000E+00  0.0000E+00  0.0000E+00  1.2073E-03
 3.2270E-03  3.3315E-03  3.3315E-03  1.0787E-02  1.3486E-02  1.7470E-02
 2.5040E-02  1.2554E-02  1.2553E-02  2.1609E-02  2.3197E-02  1.0239E-02
 1.0239E-02  9.7423E-03  9.7426E-03  1.2264E-02  3.6792E-02  8.5940E-03
 8.5938E-03  8.5939E-03  8.5939E-03  2.3841E-02  7.9469E-03  6.4688E-03
 1.9406E-02  2.1217E-02  4.5579E-03  1.3674E-02  8.0370E-03  8.0371E-03
 1.0789E-02  3.5962E-03  7.6704E-03  2.1916E-03  3.2873E-03  1.2351E-02
 2.9519E-03  8.8553E-03  5.7184E-03  5.7183E-03  8.4080E-03  2.8027E-03
 9.6503E-03  1.3786E-03  1.0897E-02  2.6953E-03  8.0859E-03  1.3296E-03
 3.9890E-03  5.3188E-03  2.6134E-03  5.2270E-03  2.6135E-03  1.0309E-02
 5.1024E-03  5.1024E-03  9.8278E-03  7.7227E-03  2.0322E-03  9.3677E-03
 4.4576E-03  2.5195E-03  4.3745E-03  1.7060E-03  1.5164E-03  1.3269E-03
 2.6948E-03  1.6169E-03  1.9608E-03  1.9607E-03  2.1740E-03  2.1739E-03
 1.8006E-03  2.7859E-03  3.9474E-03  2.9747E-03  4.0012E-03  2.5109E-03
 1.5065E-03  1.9088E-03  1.9088E-03  2.6675E-03  2.2575E-03  9.2956E-04
 3.5801E-03  5.8083E-04  3.0720E-03  4.4176E-04  3.2130E-03  2.7320E-04
 7.0579E-04  3.0374E-04  1.2112E-03  2.0113E-03  2.7406E-04  7.5042E-04
 8.9356E-04  9.4719E-04  9.4048E-04  9.9048E-04  9.8036E-04  1.1655E-03
 3.3448E-04  4.0921E-04  1.0583E-03  4.6978E-04  5.5502E-04  9.8453E-04
 1.0046E-03  2.8554E-04  3.5883E-04  2.2745E-04  1.4777E-04  3.0087E-04
 2.8030E-04  1.0924E-04  1.9138E-04  3.1214E-04  1.3232E-04  2.4186E-04
 3.8719E-04  3.5987E-04  3.9669E-04  1.0312E-03  2.2049E-04  1.3800E-03
 2.4613E-04  1.9533E-03  2.3789E-03  2.9479E-03  1.5713E-03  6.2187E-04
 2.3509E-03  1.6597E-03  4.7644E-04  2.3144E-03  1.8431E-03  3.5658E-04
 9.9421E-04  1.4831E-03  2.9646E-03  3.5367E-03  5.3173E-03  1.9748E-03
 4.7672E-03  5.9371E-03  1.9476E-03  7.0312E-03  6.3069E-03  2.3153E-03
 7.1453E-03  1.5891E-03  4.8946E-03  4.9249E-03  3.9176E-03  4.3882E-03
 3.1545E-03  2.6671E-03  1.7979E-03  2.2005E-03  1.5979E-03  1.2335E-03
 4.5679E-04  3.1628E-04  1.9899E-04  2.1372E-04
 1.00
 PQY PALUEL 14000 MWD/Te WIMS TOT=7.5716E-01
