   2.50000E7 2.00000E7 1.69000E7 1.49000E7 1.00000E7 6.07000E6 4.97000E6 3.68000E6 2.87000E6 2.23000E6 
   1.74000E6 1.35000E6 1.11000E6 8.20850E5 6.39280E5 4.97900E5 3.88700E5 3.02000E5 1.83200E5 1.11100E5 
   6.73800E4 4.08700E4 2.55400E4 1.98900E4 1.50300E4 9.11900E3 5.53100E3 3.35500E3 2.84000E3 2.40400E3 
   2.03500E3 1.23400E3 7.48500E2 4.54000E2 2.75400E2 1.67000E2 1.01300E2 6.14400E1 3.72700E1 2.26000E1 
   1.37100E1 8.31500E0 5.04300E0 3.05900E0 1.85500E0 1.12500E0 6.8300E-1 4.1400E-1 2.5100E-1 1.5200E-1 
   1.0000E-1 8.0000E-2 6.7000E-2 5.8000E-2 5.0000E-2 4.2000E-2 3.5000E-2 3.0000E-2 2.5000E-2 2.0000E-2 
   1.5000E-2 1.0000E-2 5.0000E-3 2.0000E-3 1.0000E-3 5.0000E-4 1.0E-5 

  0.0000E+00  0.0000E+00  0.0000E+00  0.0000E+00  7.7400E-03  8.7057E-03
  1.8902E-02  2.3536E-02  3.1623E-02  2.8546E-02  2.8993E-02  2.0042E-02
  3.1931E-02  3.0660E-02  2.3315E-02  2.0970E-02  2.0057E-02  3.3813E-02
  2.5786E-02  2.1715E-02  1.8824E-02  1.5764E-02  7.7800E-03  8.5147E-03
  1.4564E-02  1.4126E-02  1.3829E-02  4.5399E-03  4.5405E-03  4.5107E-03
  1.3411E-02  1.3158E-02  1.2922E-02  1.2659E-02  1.2254E-02  1.1901E-02
  1.1507E-02  1.1045E-02  1.0075E-02  9.7047E-03  9.9286E-03  7.7644E-03
  9.0588E-03  9.0366E-03  9.7033E-03  8.5392E-03  1.0184E-02  1.0859E-02
  1.8170E-02  1.8942E-02  9.4606E-03  6.4837E-03  4.9249E-03  3.9176E-03
  4.3882E-03  3.1545E-03  2.6671E-03  1.7979E-03  2.2005E-03  1.5979E-03
  1.2335E-03  7.7307E-04  2.1418E-04  2.5972E-05  2.5972E-05  1.4658E-04
 1.000
PQY PALUEL 14000 MWD/Te WIMS TOT=7.5716E-01                                                         
