 1.000000E+09 9.600000E+08 9.200000E+08 8.800000E+08 8.400000E+08
 8.000000E+08 7.600000E+08 7.200000E+08 6.800000E+08 6.400000E+08
 6.000000E+08 5.600000E+08 5.200000E+08 4.800000E+08 4.400000E+08
 4.000000E+08 3.600000E+08 3.200000E+08 2.800000E+08 2.400000E+08
 2.000000E+08 1.800000E+08 1.600000E+08 1.500000E+08 1.400000E+08
 1.300000E+08 1.200000E+08 1.100000E+08 1.000000E+08 9.000000E+07
 8.000000E+07 7.500000E+07 7.000000E+07 6.500000E+07 6.000000E+07
 5.800000E+07 5.600000E+07 5.400000E+07 5.200000E+07 5.000000E+07
 4.800000E+07 4.600000E+07 4.400000E+07 4.200000E+07 4.000000E+07
 3.800000E+07 3.600000E+07 3.400000E+07 3.200000E+07 3.000000E+07
 2.900000E+07 2.800000E+07 2.700000E+07 2.600000E+07 2.500000E+07
 2.400000E+07 2.300000E+07 2.200000E+07 2.100000E+07 2.000000E+07
 1.980000E+07 1.960000E+07 1.940000E+07 1.920000E+07 1.900000E+07
 1.880000E+07 1.860000E+07 1.840000E+07 1.820000E+07 1.800000E+07
 1.780000E+07 1.760000E+07 1.740000E+07 1.720000E+07 1.700000E+07
 1.680000E+07 1.660000E+07 1.640000E+07 1.620000E+07 1.600000E+07
 1.580000E+07 1.560000E+07 1.540000E+07 1.520000E+07 1.500000E+07
 1.480000E+07 1.460000E+07 1.440000E+07 1.420000E+07 1.400000E+07
 1.380000E+07 1.360000E+07 1.340000E+07 1.320000E+07 1.300000E+07
 1.280000E+07 1.260000E+07 1.240000E+07 1.220000E+07 1.200000E+07
 1.180000E+07 1.160000E+07 1.140000E+07 1.120000E+07 1.100000E+07
 1.080000E+07 1.060000E+07 1.040000E+07 1.020000E+07 1.000000E+07
 9.549926E+06 9.120108E+06 8.709636E+06 8.317638E+06 7.943282E+06
 7.585776E+06 7.244360E+06 6.918310E+06 6.606934E+06 6.309573E+06
 6.025596E+06 5.754399E+06 5.495409E+06 5.248075E+06 5.011872E+06
 4.786301E+06 4.570882E+06 4.365158E+06 4.168694E+06 3.981072E+06
 3.801894E+06 3.630781E+06 3.467369E+06 3.311311E+06 3.162278E+06
 3.019952E+06 2.884032E+06 2.754229E+06 2.630268E+06 2.511886E+06
 2.398833E+06 2.290868E+06 2.187762E+06 2.089296E+06 1.995262E+06
 1.905461E+06 1.819701E+06 1.737801E+06 1.659587E+06 1.584893E+06
 1.513561E+06 1.445440E+06 1.380384E+06 1.318257E+06 1.258925E+06
 1.202264E+06 1.148154E+06 1.096478E+06 1.047129E+06 1.000000E+06
 9.549926E+05 9.120108E+05 8.709636E+05 8.317638E+05 7.943282E+05
 7.585776E+05 7.244360E+05 6.918310E+05 6.606934E+05 6.309573E+05
 6.025596E+05 5.754399E+05 5.495409E+05 5.248075E+05 5.011872E+05
 4.786301E+05 4.570882E+05 4.365158E+05 4.168694E+05 3.981072E+05
 3.801894E+05 3.630781E+05 3.467369E+05 3.311311E+05 3.162278E+05
 3.019952E+05 2.884032E+05 2.754229E+05 2.630268E+05 2.511886E+05
 2.398833E+05 2.290868E+05 2.187762E+05 2.089296E+05 1.995262E+05
 1.905461E+05 1.819701E+05 1.737801E+05 1.659587E+05 1.584893E+05
 1.513561E+05 1.445440E+05 1.380384E+05 1.318257E+05 1.258925E+05
 1.202264E+05 1.148154E+05 1.096478E+05 1.047129E+05 1.000000E+05
 9.549926E+04 9.120108E+04 8.709636E+04 8.317638E+04 7.943282E+04
 7.585776E+04 7.244360E+04 6.918310E+04 6.606934E+04 6.309573E+04
 6.025596E+04 5.754399E+04 5.495409E+04 5.248075E+04 5.011872E+04
 4.786301E+04 4.570882E+04 4.365158E+04 4.168694E+04 3.981072E+04
 3.801894E+04 3.630781E+04 3.467369E+04 3.311311E+04 3.162278E+04
 3.019952E+04 2.884032E+04 2.754229E+04 2.630268E+04 2.511886E+04
 2.398833E+04 2.290868E+04 2.187762E+04 2.089296E+04 1.995262E+04
 1.905461E+04 1.819701E+04 1.737801E+04 1.659587E+04 1.584893E+04
 1.513561E+04 1.445440E+04 1.380384E+04 1.318257E+04 1.258925E+04
 1.202264E+04 1.148154E+04 1.096478E+04 1.047129E+04 1.000000E+04
 9.549926E+03 9.120108E+03 8.709636E+03 8.317638E+03 7.943282E+03
 7.585776E+03 7.244360E+03 6.918310E+03 6.606934E+03 6.309573E+03
 6.025596E+03 5.754399E+03 5.495409E+03 5.248075E+03 5.011872E+03
 4.786301E+03 4.570882E+03 4.365158E+03 4.168694E+03 3.981072E+03
 3.801894E+03 3.630781E+03 3.467369E+03 3.311311E+03 3.162278E+03
 3.019952E+03 2.884032E+03 2.754229E+03 2.630268E+03 2.511886E+03
 2.398833E+03 2.290868E+03 2.187762E+03 2.089296E+03 1.995262E+03
 1.905461E+03 1.819701E+03 1.737801E+03 1.659587E+03 1.584893E+03
 1.513561E+03 1.445440E+03 1.380384E+03 1.318257E+03 1.258925E+03
 1.202264E+03 1.148154E+03 1.096478E+03 1.047129E+03 1.000000E+03
 9.549926E+02 9.120108E+02 8.709636E+02 8.317638E+02 7.943282E+02
 7.585776E+02 7.244360E+02 6.918310E+02 6.606934E+02 6.309573E+02
 6.025596E+02 5.754399E+02 5.495409E+02 5.248075E+02 5.011872E+02
 4.786301E+02 4.570882E+02 4.365158E+02 4.168694E+02 3.981072E+02
 3.801894E+02 3.630781E+02 3.467369E+02 3.311311E+02 3.162278E+02
 3.019952E+02 2.884032E+02 2.754229E+02 2.630268E+02 2.511886E+02
 2.398833E+02 2.290868E+02 2.187762E+02 2.089296E+02 1.995262E+02
 1.905461E+02 1.819701E+02 1.737801E+02 1.659587E+02 1.584893E+02
 1.513561E+02 1.445440E+02 1.380384E+02 1.318257E+02 1.258925E+02
 1.202264E+02 1.148154E+02 1.096478E+02 1.047129E+02 1.000000E+02
 9.549926E+01 9.120108E+01 8.709636E+01 8.317638E+01 7.943282E+01
 7.585776E+01 7.244360E+01 6.918310E+01 6.606934E+01 6.309573E+01
 6.025596E+01 5.754399E+01 5.495409E+01 5.248075E+01 5.011872E+01
 4.786301E+01 4.570882E+01 4.365158E+01 4.168694E+01 3.981072E+01
 3.801894E+01 3.630781E+01 3.467369E+01 3.311311E+01 3.162278E+01
 3.019952E+01 2.884032E+01 2.754229E+01 2.630268E+01 2.511886E+01
 2.398833E+01 2.290868E+01 2.187762E+01 2.089296E+01 1.995262E+01
 1.905461E+01 1.819701E+01 1.737801E+01 1.659587E+01 1.584893E+01
 1.513561E+01 1.445440E+01 1.380384E+01 1.318257E+01 1.258925E+01
 1.202264E+01 1.148154E+01 1.096478E+01 1.047129E+01 1.000000E+01
 9.549926E+00 9.120108E+00 8.709636E+00 8.317638E+00 7.943282E+00
 7.585776E+00 7.244360E+00 6.918310E+00 6.606934E+00 6.309573E+00
 6.025596E+00 5.754399E+00 5.495409E+00 5.248075E+00 5.011872E+00
 4.786301E+00 4.570882E+00 4.365158E+00 4.168694E+00 3.981072E+00
 3.801894E+00 3.630781E+00 3.467369E+00 3.311311E+00 3.162278E+00
 3.019952E+00 2.884032E+00 2.754229E+00 2.630268E+00 2.511886E+00
 2.398833E+00 2.290868E+00 2.187762E+00 2.089296E+00 1.995262E+00
 1.905461E+00 1.819701E+00 1.737801E+00 1.659587E+00 1.584893E+00
 1.513561E+00 1.445440E+00 1.380384E+00 1.318257E+00 1.258925E+00
 1.202264E+00 1.148154E+00 1.096478E+00 1.047129E+00 1.000000E+00
 9.549926E-01 9.120108E-01 8.709636E-01 8.317638E-01 7.943282E-01
 7.585776E-01 7.244360E-01 6.918310E-01 6.606934E-01 6.309573E-01
 6.025596E-01 5.754399E-01 5.495409E-01 5.248075E-01 5.011872E-01
 4.786301E-01 4.570882E-01 4.365158E-01 4.168694E-01 3.981072E-01
 3.801894E-01 3.630781E-01 3.467369E-01 3.311311E-01 3.162278E-01
 3.019952E-01 2.884032E-01 2.754229E-01 2.630268E-01 2.511886E-01
 2.398833E-01 2.290868E-01 2.187762E-01 2.089296E-01 1.995262E-01
 1.905461E-01 1.819701E-01 1.737801E-01 1.659587E-01 1.584893E-01
 1.513561E-01 1.445440E-01 1.380384E-01 1.318257E-01 1.258925E-01
 1.202264E-01 1.148154E-01 1.096478E-01 1.047129E-01 1.000000E-01
 9.549926E-02 9.120108E-02 8.709636E-02 8.317638E-02 7.943282E-02
 7.585776E-02 7.244360E-02 6.918310E-02 6.606934E-02 6.309573E-02
 6.025596E-02 5.754399E-02 5.495409E-02 5.248075E-02 5.011872E-02
 4.786301E-02 4.570882E-02 4.365158E-02 4.168694E-02 3.981072E-02
 3.801894E-02 3.630781E-02 3.467369E-02 3.311311E-02 3.162278E-02
 3.019952E-02 2.884032E-02 2.754229E-02 2.630268E-02 2.511886E-02
 2.398833E-02 2.290868E-02 2.187762E-02 2.089296E-02 1.995262E-02
 1.905461E-02 1.819701E-02 1.737801E-02 1.659587E-02 1.584893E-02
 1.513561E-02 1.445440E-02 1.380384E-02 1.318257E-02 1.258925E-02
 1.202264E-02 1.148154E-02 1.096478E-02 1.047129E-02 1.000000E-02
 9.549926E-03 9.120108E-03 8.709636E-03 8.317638E-03 7.943282E-03
 7.585776E-03 7.244360E-03 6.918310E-03 6.606934E-03 6.309573E-03
 6.025596E-03 5.754399E-03 5.495409E-03 5.248075E-03 5.011872E-03
 4.786301E-03 4.570882E-03 4.365158E-03 4.168694E-03 3.981072E-03
 3.801894E-03 3.630781E-03 3.467369E-03 3.311311E-03 3.162278E-03
 3.019952E-03 2.884032E-03 2.754229E-03 2.630268E-03 2.511886E-03
 2.398833E-03 2.290868E-03 2.187762E-03 2.089296E-03 1.995262E-03
 1.905461E-03 1.819701E-03 1.737801E-03 1.659587E-03 1.584893E-03
 1.513561E-03 1.445440E-03 1.380384E-03 1.318257E-03 1.258925E-03
 1.202264E-03 1.148154E-03 1.096478E-03 1.047129E-03 1.000000E-03
 9.549926E-04 9.120108E-04 8.709636E-04 8.317638E-04 7.943282E-04
 7.585776E-04 7.244360E-04 6.918310E-04 6.606934E-04 6.309573E-04
 6.025596E-04 5.754399E-04 5.495409E-04 5.248075E-04 5.011872E-04
 4.786301E-04 4.570882E-04 4.365158E-04 4.168694E-04 3.981072E-04
 3.801894E-04 3.630781E-04 3.467369E-04 3.311311E-04 3.162278E-04
 3.019952E-04 2.884032E-04 2.754229E-04 2.630268E-04 2.511886E-04
 2.398833E-04 2.290868E-04 2.187762E-04 2.089296E-04 1.995262E-04
 1.905461E-04 1.819701E-04 1.737801E-04 1.659587E-04 1.584893E-04
 1.513561E-04 1.445440E-04 1.380384E-04 1.318257E-04 1.258925E-04
 1.202264E-04 1.148154E-04 1.096478E-04 1.047129E-04 1.000000E-04
 9.549926E-05 9.120108E-05 8.709636E-05 8.317638E-05 7.943282E-05
 7.585776E-05 7.244360E-05 6.918310E-05 6.606934E-05 6.309573E-05
 6.025596E-05 5.754399E-05 5.495409E-05 5.248075E-05 5.011872E-05
 4.786301E-05 4.570882E-05 4.365158E-05 4.168694E-05 3.981072E-05
 3.801894E-05 3.630781E-05 3.467369E-05 3.311311E-05 3.162278E-05
 3.019952E-05 2.884032E-05 2.754229E-05 2.630268E-05 2.511886E-05
 2.398833E-05 2.290868E-05 2.187762E-05 2.089296E-05 1.995262E-05
 1.905461E-05 1.819701E-05 1.737801E-05 1.659587E-05 1.584893E-05
 1.513561E-05 1.445440E-05 1.380384E-05 1.318257E-05 1.258925E-05
 1.202264E-05 1.148154E-05 1.096478E-05 1.047129E-05 1.000000E-05 
                                                          
 0.0000E+00  0.0000E+00  0.0000E+00  0.0000E+00  0.0000E+00  0.0000E+00
 0.0000E+00  0.0000E+00  0.0000E+00  0.0000E+00  0.0000E+00  0.0000E+00
 0.0000E+00  0.0000E+00  0.0000E+00  0.0000E+00  0.0000E+00  0.0000E+00
 0.0000E+00  0.0000E+00  0.0000E+00  0.0000E+00  0.0000E+00  0.0000E+00
 0.0000E+00  0.0000E+00  0.0000E+00  0.0000E+00  0.0000E+00  0.0000E+00
 0.0000E+00  0.0000E+00  0.0000E+00  0.0000E+00  0.0000E+00  0.0000E+00
 0.0000E+00  0.0000E+00  0.0000E+00  0.0000E+00  0.0000E+00  0.0000E+00
 0.0000E+00  0.0000E+00  0.0000E+00  0.0000E+00  0.0000E+00  0.0000E+00
 0.0000E+00  0.0000E+00  0.0000E+00  0.0000E+00  0.0000E+00  0.0000E+00
 0.0000E+00  0.0000E+00  0.0000E+00  0.0000E+00  0.0000E+00  0.0000E+00
 0.0000E+00  0.0000E+00  0.0000E+00  0.0000E+00  0.0000E+00  0.0000E+00
 0.0000E+00  0.0000E+00  0.0000E+00  0.0000E+00  0.0000E+00  0.0000E+00
 0.0000E+00  0.0000E+00  0.0000E+00  0.0000E+00  0.0000E+00  0.0000E+00
 0.0000E+00  0.0000E+00  2.9806E+08  7.2391E+08  7.3338E+08  7.4309E+08
 2.1367E+09  3.1298E+09  1.2641E+09  6.3931E+08  6.0755E+07  3.0446E+07
 2.1633E+07  1.8685E+07  1.5579E+07  1.5817E+07  1.5557E+07  1.3784E+07
 1.2367E+07  1.1450E+07  1.0447E+07  1.0622E+07  1.0742E+07  1.0310E+07
 1.0493E+07  1.0576E+07  1.0464E+07  1.0659E+07  1.0251E+07  9.9709E+06
 1.0168E+07  2.2430E+07  2.0564E+07  1.9520E+07  1.8852E+07  1.8621E+07
 1.8803E+07  1.9212E+07  1.9312E+07  1.8698E+07  1.6903E+07  1.6879E+07
 1.7133E+07  1.6529E+07  1.6401E+07  1.6155E+07  1.6995E+07  1.7381E+07
 1.6948E+07  1.6652E+07  1.6526E+07  1.6376E+07  1.6283E+07  1.6050E+07
 1.5988E+07  1.5512E+07  1.5916E+07  1.5694E+07  1.5805E+07  1.5977E+07
 1.5868E+07  1.5489E+07  1.5761E+07  1.5463E+07  1.5340E+07  1.5227E+07
 1.5058E+07  1.5031E+07  1.4791E+07  1.4435E+07  1.4673E+07  1.4417E+07
 1.4095E+07  1.4044E+07  1.3948E+07  1.3512E+07  1.3097E+07  1.2946E+07
 1.2726E+07  1.2614E+07  1.2580E+07  1.1950E+07  1.1605E+07  1.1272E+07
 1.0946E+07  1.0604E+07  1.0435E+07  1.0073E+07  9.7617E+06  9.5178E+06
 9.0618E+06  8.7300E+06  8.4719E+06  7.9208E+06  7.8539E+06  7.5366E+06
 7.2098E+06  7.1581E+06  6.6208E+06  6.3730E+06  6.2884E+06  6.0896E+06
 5.8604E+06  5.7249E+06  5.6011E+06  4.9963E+06  4.9964E+06  4.7358E+06
 4.5749E+06  4.4232E+06  4.3949E+06  4.0158E+06  3.6967E+06  3.5937E+06
 3.4541E+06  3.3024E+06  3.3809E+06  3.3065E+06  2.9941E+06  2.7719E+06
 2.3252E+06  2.4091E+06  2.3406E+06  2.5279E+06  2.5740E+06  2.4514E+06
 2.1743E+06  1.9598E+06  1.9485E+06  1.8537E+06  1.8537E+06  1.6554E+06
 1.5054E+06  1.5054E+06  1.6360E+06  1.6701E+06  1.6230E+06  1.6230E+06
 1.4395E+06  1.3368E+06  1.2342E+06  1.2342E+06  1.2342E+06  1.1798E+06
 1.1473E+06  1.0320E+06  1.0317E+06  1.0217E+06  9.9629E+05  9.9628E+05
 8.8628E+05  8.0295E+05  8.0295E+05  8.0295E+05  9.7740E+05  1.0185E+06
 9.4898E+05  9.4898E+05  8.8288E+05  8.1851E+05  7.9764E+05  7.8468E+05
 7.8355E+05  7.3070E+05  6.9329E+05  6.9319E+05  6.8316E+05  6.5778E+05
 6.5778E+05  6.5778E+05  6.5778E+05  6.5778E+05  5.7473E+05  5.6058E+05
 5.6057E+05  5.6058E+05  5.6057E+05  5.5658E+05  5.5123E+05  5.4074E+05
 5.1003E+05  5.1002E+05  5.1002E+05  4.7404E+05  4.7393E+05  4.7393E+05
 4.7393E+05  4.7393E+05  4.3415E+05  4.0394E+05  4.0393E+05  4.0393E+05
 4.0394E+05  4.0163E+05  3.8742E+05  3.8742E+05  3.8742E+05  3.8742E+05
 3.8742E+05  3.8988E+05  3.9088E+05  3.9088E+05  3.8714E+05  3.8264E+05
 3.6002E+05  3.0248E+05  3.0621E+05  3.3614E+05  3.3614E+05  3.1955E+05
 3.3173E+05  3.2173E+05  3.1802E+05  3.0931E+05  3.0342E+05  2.9074E+05
 2.7357E+05  2.7357E+05  2.7357E+05  2.7357E+05  2.7357E+05  2.3473E+05
 2.3458E+05  2.3458E+05  2.3458E+05  2.3459E+05  2.2167E+05  2.1183E+05
 2.1184E+05  2.1183E+05  2.1184E+05  2.0913E+05  1.9234E+05  1.9233E+05
 1.9234E+05  1.9234E+05  1.9233E+05  1.7840E+05  1.7271E+05  1.7271E+05
 1.7271E+05  1.7271E+05  1.6986E+05  1.6259E+05  1.6259E+05  1.6259E+05
 1.6259E+05  1.6259E+05  1.6342E+05  1.6356E+05  1.6356E+05  1.6356E+05
 1.6356E+05  1.5175E+05  1.3570E+05  1.3570E+05  1.3570E+05  1.3570E+05
 1.3570E+05  1.3554E+05  1.3554E+05  1.3554E+05  1.3554E+05  1.3554E+05
 1.3184E+05  1.2902E+05  1.2902E+05  1.2902E+05  1.2902E+05  1.2699E+05
 1.1435E+05  1.1435E+05  1.1435E+05  1.1435E+05  1.1435E+05  1.0523E+05
 1.0150E+05  1.0149E+05  1.0150E+05  1.0149E+05  9.5928E+04  8.1656E+04
 8.1657E+04  8.1656E+04  8.1656E+04  8.1656E+04  9.2951E+04  9.4913E+04
 9.4913E+04  9.4913E+04  9.4913E+04  8.6281E+04  7.4521E+04  7.4521E+04
 7.4521E+04  7.4521E+04  7.4521E+04  6.1552E+04  6.1482E+04  6.1482E+04
 6.1482E+04  6.1482E+04  5.6493E+04  5.2666E+04  5.2666E+04  5.2666E+04
 5.2666E+04  5.4200E+04  6.3842E+04  6.3842E+04  6.3842E+04  6.3841E+04
 6.3841E+04  5.7042E+04  5.4245E+04  5.4245E+04  5.4245E+04  5.4245E+04
 5.3570E+04  5.1834E+04  5.1834E+04  5.1834E+04  5.1834E+04  5.1834E+04
 4.8436E+04  4.7843E+04  4.7842E+04  4.7842E+04  4.7843E+04  4.5208E+04
 4.1608E+04  4.1608E+04  4.1608E+04  4.1608E+04  4.1608E+04  3.7355E+04
 3.7329E+04  3.7329E+04  3.7329E+04  3.7329E+04  3.8387E+04  3.9202E+04
 3.9202E+04  3.9201E+04  3.9202E+04  3.9728E+04  4.3059E+04  4.3059E+04
 4.3059E+04  4.3059E+04  4.3059E+04  2.9553E+04  2.3978E+04  2.3978E+04
 2.3978E+04  2.3978E+04  2.5107E+04  2.8026E+04  2.8026E+04  2.8026E+04
 2.8026E+04  2.8025E+04  2.2712E+04  2.1778E+04  2.1778E+04  2.1778E+04
 2.1778E+04  2.2753E+04  2.4090E+04  2.4090E+04  2.4090E+04  2.4090E+04
 2.4090E+04  1.8954E+04  1.8918E+04  1.8918E+04  1.8918E+04  1.8918E+04
 1.7435E+04  1.6289E+04  1.6289E+04  1.6289E+04  1.6289E+04  1.6196E+04
 1.5601E+04  1.5601E+04  1.5601E+04  1.5601E+04  1.5601E+04  1.4146E+04
 1.3543E+04  1.3543E+04  1.3543E+04  1.3543E+04  1.3819E+04  1.4535E+04
 1.4535E+04  1.4535E+04  1.4535E+04  1.4535E+04  1.4109E+04  1.4033E+04
 1.4033E+04  1.4033E+04  1.4033E+04  1.4033E+04  1.4033E+04  1.4033E+04
 1.4033E+04  1.4033E+04  1.4033E+04  1.4033E+04  1.4033E+04  1.4033E+04
 1.4033E+04  1.4033E+04  1.4033E+04  1.4033E+04  1.4033E+04  1.4033E+04
 1.4033E+04  1.4033E+04  1.4033E+04  1.4033E+04  1.4033E+04  1.4034E+04
 1.4033E+04  1.4033E+04  1.4034E+04  1.4033E+04  1.4033E+04  1.1922E+04
 1.1922E+04  1.1922E+04  1.1922E+04  1.1922E+04  1.1922E+04  1.1922E+04
 1.1922E+04  1.1922E+04  1.1922E+04  1.1922E+04  1.1922E+04  1.1922E+04
 1.1922E+04  1.1922E+04  1.1922E+04  1.1922E+04  1.1922E+04  1.1922E+04
 1.1922E+04  1.1922E+04  1.1922E+04  1.1922E+04  1.1922E+04  1.1922E+04
 1.1922E+04  1.1922E+04  1.1922E+04  1.1922E+04  1.1922E+04  1.1922E+04
 1.1922E+04  1.1922E+04  1.1922E+04  1.1922E+04  1.1922E+04  1.1922E+04
 1.1922E+04  1.1922E+04  1.1922E+04  1.1922E+04  1.1922E+04  1.1922E+04
 1.1922E+04  1.1923E+04  1.1922E+04  1.1922E+04  1.1923E+04  1.1922E+04
 1.1922E+04  0.0000E+00  0.0000E+00  0.0000E+00  0.0000E+00  0.0000E+00
 0.0000E+00  0.0000E+00  0.0000E+00  0.0000E+00  0.0000E+00  0.0000E+00
 0.0000E+00  0.0000E+00  0.0000E+00  0.0000E+00  0.0000E+00  0.0000E+00
 0.0000E+00  0.0000E+00  0.0000E+00  0.0000E+00  0.0000E+00  0.0000E+00
 0.0000E+00  0.0000E+00  0.0000E+00  0.0000E+00  0.0000E+00  0.0000E+00
 0.0000E+00  0.0000E+00  0.0000E+00  0.0000E+00  0.0000E+00  0.0000E+00
 0.0000E+00  0.0000E+00  0.0000E+00  0.0000E+00  0.0000E+00  0.0000E+00
 0.0000E+00  0.0000E+00  0.0000E+00  0.0000E+00  0.0000E+00  0.0000E+00
 0.0000E+00  0.0000E+00  0.0000E+00  0.0000E+00  0.0000E+00  0.0000E+00
 0.0000E+00  0.0000E+00  0.0000E+00  0.0000E+00  0.0000E+00  0.0000E+00
 0.0000E+00  0.0000E+00  0.0000E+00  0.0000E+00  0.0000E+00  0.0000E+00
 0.0000E+00  0.0000E+00  0.0000E+00  0.0000E+00  0.0000E+00  0.0000E+00
 0.0000E+00  0.0000E+00  0.0000E+00  0.0000E+00  0.0000E+00  0.0000E+00
 0.0000E+00  0.0000E+00  0.0000E+00  0.0000E+00  0.0000E+00  0.0000E+00
 0.0000E+00  0.0000E+00  0.0000E+00  0.0000E+00  0.0000E+00  0.0000E+00
 0.0000E+00  0.0000E+00  0.0000E+00  0.0000E+00  0.0000E+00  0.0000E+00
 0.0000E+00  0.0000E+00  0.0000E+00  0.0000E+00  0.0000E+00  0.0000E+00
 0.0000E+00  0.0000E+00  0.0000E+00  0.0000E+00  0.0000E+00  0.0000E+00
 0.0000E+00  0.0000E+00  0.0000E+00  0.0000E+00  0.0000E+00  0.0000E+00
 0.0000E+00  0.0000E+00  0.0000E+00  0.0000E+00  0.0000E+00  0.0000E+00
 0.0000E+00  0.0000E+00  0.0000E+00  0.0000E+00  0.0000E+00  0.0000E+00
 0.0000E+00  0.0000E+00  0.0000E+00  0.0000E+00  0.0000E+00  0.0000E+00
 0.0000E+00  0.0000E+00  0.0000E+00  0.0000E+00  0.0000E+00  0.0000E+00
 0.0000E+00  0.0000E+00  0.0000E+00  0.0000E+00  0.0000E+00  0.0000E+00
 0.0000E+00  0.0000E+00  0.0000E+00  0.0000E+00  0.0000E+00  0.0000E+00
 0.0000E+00
1.000
Position #3 Normalization Factor 3.042e+11 TOT=1.11679E+10                   